----------------------------------------------
                 Case 0                    
----------------------------------------------
K:  16 M:  16 N: 16
A: 
    89    -14    116    -87     -1      9     70    -81    -42    118    -35    107     75     -5    120    -45 
    83      7    110    -25     14    121    -95    122    105     79     36   -100     97    119   -109    118 
    17     27     21    117    123     74    114    -54    -14     31    100    -79     21     75     26    115 
   -15     35     87    -69    -99    -91    -19   -103     56    123     56     64   -126    -57     70     96 
    41    -22   -103    -74     71    107     37     92    -41     88    -12    106    109     42    -36      6 
   -70     49     52   -107    -60      3     82     85     60   -115    -31    -18    -36   -124    118     63 
  -116      0   -118   -121     14    -64     39    -49      0      2   -107    121     62    -63     91     59 
   121    -92   -105     34     82    -91      0     37    -84    -97     68     -5    -46     -2     -3     74 
   119    -25    -25     34   -107     22     -9     70    -85   -100    106    -54    110   -104    -13   -126 
  -110    -15   -114    -29    -68    -14    -39    -89     76     34    -95    -74    -18    123   -108    -85 
    55     18    -33     44    -53    -37    -80     29    -63     43    126      0    122    -74      4     43 
   -42    -37     83    -44     95     32     56    -26     27    -69    -66      0    109    -62     35    -77 
    99   -123     -3    -58     71     44   -108     54    113     37      6     -8     53   -105     60    -56 
   120    103     84    -85    -83     45    -78    112    -51    -23     67    -11    -91     70    -25     30 
    11    -73     40   -107     10    -16    -20    -46     38    117      6    -61      4     36    117     86 
     2    -11    -24    -87    102    -94      6    -65      1     19      2   -126     66     57    -23    -48 

B: 
   -33    113    105    114     -2     48     55     -1     61    -63   -107     75     27      1   -114     27 
   -84    -19    -81    118   -102     23    -50    118     80    -46    114    -24    -32     46    -41      7 
    79     59   -110    -29   -127    -57     66    -50    -76    -95    -11    124    -76     89     30    -93 
   -63    -81    -68     49    -99     -7    -81    -64     -5      2    106     67    125    -57     80   -124 
   -69     48     41   -128   -111   -102      9     23    -53    -47     82    -68     38      8    -70     78 
  -113    126    -38    -19    -56   -102     -1    -41     61    -79    -33    -16     66   -109    -85    -50 
    38    -36     96     21     52     69   -107     37     23   -101     13    -78     97    -34   -111   -108 
    -7    -65    -65      0     92    -13     24      9    -36     24    113    115   -102    102    -20    116 
    97   -120    -88     -3      4     56    -29     29    -48     54    -76     82     11     17     42   -123 
   100    -62    121    -74     78    123    -23    118     89     73   -101     79     85   -104   -106     -3 
  -107     98    -53     40    119    -72      2    -10   -124     56   -109     49     -2    -89    103     56 
    82    -58     67    -57    122     58     72    -97    112    -93     41    126     81     54     45     83 
    69    -22    123     25    -68    -60     79    -32    107    125    101    -37     43   -120   -116      8 
   120     29    -39    -86    -91     90     77    -45     91     36   -112    -16    -33    -42    -62   -103 
   -27    -16     91    -71    121     38     -2    -87    -79   -104    -95      0    124    -20   -124    -99 
   -76    126    119    -63    -79     17    -26     60     87    -26   -110    122    -78     -5    118    -27 

C: 
 40163   6748  57220 -17191  22281  22747  23454 -13142  24073 -33515 -29078  10175  38853 -11961 -61539 -12996 
  8816  38928 -20202  -6738 -55691 -13902  28584  19598  23862  33685 -32376  49492 -45387 -15866  -7555  -8698 
-35109  37731  16116 -13273 -43443 -12425 -22370   8664   2783 -14426 -21151  -5280  27312 -43400 -13398 -41059 
 18156   -952  10776  -9426  36794  39684  -9195  19672  -8779 -16170 -63388  44428  -4069  14804  34959 -16231 
  8668   6838  50067 -20525  21224   2566  19866   3839  51253   7152   8509   -588  18362 -26100 -50386  39425 
-13812  -6903 -10105   5929  26125  -7123 -16197   2868 -31842 -34748   8622   3314 -21832  39606   7487  -8105 
 21568 -30721  58368 -30023  36799  20472  -2743   3751  26355  -5056  13719 -23971  17412   5983 -12281  17670 
-36827  29911  28479   3890  15190  -8221   2025  -9767 -15420  -3903  -8481   -411  -5989   6587  18900  35563 
-30857  11919  -8126  61624  26989 -32957  10122 -22417 -20366  15678  27234  -9879   1893 -12339  -9402  29283 
 40889 -35626 -25489  -4605 -16484  25493  -7065  16343  19230  48265  -5311 -43047  -9337 -14269   3771 -20331 
-23242  11917  22065  25782  17973 -12498   9103   2147   5723  30965   2517  22641   1283 -23859  11465  30661 
 13731  -7204   4814 -12501 -18724 -30364   9230 -18009 -15165 -14418  34432 -28154  13691   3585 -30367  -7848 
  3185    346  15082 -10933  28189 -18703  22288 -11624 -26057  12925 -17396  19583  10485  -3331 -21379  23022 
-18529  43620 -34295  24116  -1002   1147  22942   7583   2998 -16229 -27192  36942 -51443  28984   5778  22289 
 20993  18063  38409 -36935  13816  18605   9149   9953  -5028   4355 -67454  10949    488 -15988 -21810 -19595 
 15824   3854  13965  -8523 -21261  -3316   6296  20222  -9988  30165  -5859 -45171 -10496 -12008 -27411   5169 

----------------------------------------------
                 Case 1                    
----------------------------------------------
K:  16 M:  16 N: 16
A: 
   -36    -67    125     58    -53   -126     53     45    -73    -16    125     36    -90    -94    -42    -71 
   -99    -39    -88   -107    -39    -67    109   -116    -60    -78    -66   -108    -66    123    -22     86 
   108    -29     71     97     74     86     54    103    -97     46     94    -65   -104    -24    -47     -3 
  -103     62      2    -78    -91    -39     93     20   -104    -20    -95     86    -57   -125    106   -124 
   -42    -67   -116    -59    -38     35     73     30   -103    113    -34    -12    116     25    -50   -110 
   104    -95    -94    115     80    -54    -85      0     41   -105     32     95    -18    -31    100    -58 
   -78    -42    -94    -36    -77    -39    -28     83     71    -34    -49    113    114    -99   -104    -95 
    -8     19     10   -101   -127     40     60     46     24    -68    119   -122    -20    -95    -55     89 
   119     46    100    -62   -115    -23     63    -92    105    -58     -3     61    -67    -91    -14    -25 
   -18    -65    107      2     78   -113     84    -74   -102     14    125    -51    -43    -25    -98    -30 
   -38     15   -119     -9   -115    123     85     20     54    -54     63     81     76   -122    -48     -4 
    76    -19     85    -73     74    -46     11     57    126    122     34     45    123     13   -122     88 
   102    115    -47     40     60     17     90   -114    -29    -27    -92     29    100     36    124     93 
   -54    126     12    -83     67     41    115    114    -53    -60     83   -122     16    -93    -21    -73 
   -27     48    -35    104     28    101    -87     64    106     14     30     92     16    -90     82   -100 
    18    -74    -48   -123    -44     41    -95   -115    -50    -49   -115    -81     -4     67    102    -50 

B: 
    79   -113     89     30     86   -102     71    -86     67   -117   -108   -123    -64   -111    -80     61 
   101    -93    -37   -123    -51     80   -118     50   -105    103    -84     48     16    -32     -1    -38 
   -35     54     -3     56   -106     34     97    116     -9     53    -58    -38    -26    117    -81    -46 
   106     44    -64     -3   -114    -60     69   -121   -102     28   -128     37    -97   -119    -47    -61 
   -28    -81    -35     92     66    -21   -112      3     32     74     83      2    100    103     86      3 
   -57     32   -114    105     59     55     75      7    122   -109      6    -25    -38    110     90     41 
   -92     88     10    -79     -7      9    -89     77    -51     17   -115    -14    -19    100    101    -52 
   -39     37     20    -84     63     79     54    -79     12    -42    118   -120    -76    -75     71     -2 
   -67     27    -77     81     24    -54    -44     23    -85      7     48     87     33    -16    -38    -14 
  -101     97     75    101   -121    -70   -112     -4     -1      0     72    -17   -121      9    -63    -75 
    42    116     -5     58   -122    100     18    -69   -118      5     78    109    -12     91   -118     42 
    57     12    -80    -38    -58    115    -39     26   -122    -34     17      9     83    106   -106      6 
   -13   -107     77    119     49    126      4     77    -31    -12    -52     26    -38    -41    -30     97 
   -74     98   -109     57    -76    -48     82    -39     60    -22    -60     82    -77   -114    -12     40 
    86    -75     61     53     96     36     43    102    -16   -101     65     31     97    101     91     27 
   -59   -111     64    113     33     33     78   -116     32     68    121    -89     19   -122    -85    -28 

C: 
 16709  49049   9963 -40050 -48804   8316   6114  -1903 -39020  15835  -6393  -1651  -6333  31510 -25997 -21057 
-32855   4751    930 -17023  10861 -23137  -4984   4853  31467  20126  -7546  11655  15593 -18339  31127  -3496 
 -1200  28517   1668   1549 -15223 -14743  22292 -39503  18567  -8130  -4847 -34325 -37459   6710   3922 -11526 
 21545   2523  10355 -73388   8279  28345 -33587  58824 -19465  -5214 -10368  -5925  31176  57478  41861 -15434 
-28888  23939  15188  -5743   3816   5128 -24879  12157  20276 -21288  -7111  -2788 -29375   4304  28080  11833 
 51926 -25021  -6212   3400  26767 -13552  15955 -26820 -17138 -29283   4368   8122  28008  -6558  -6428  20262 
 -1647   2392  -3948 -31412  12777  28215 -23660   9982 -25951  -5335   9217   3579   6084  -4183  -1852   9944 
-15194   7250  19797 -11841  10512  22108  15726  -8424   3507   4773  17241 -12654  -6606   -524  -2006   1851 
 16348  -4665   3000 -23118  -2998  -7187  -1816  27083 -22150  -5523 -35688  -5090  15005  21970 -29376  -6384 
 -8591  33988  13741  -4454 -43611 -10362 -13391   1020 -11441  34332 -12923   6305  -4052  32015 -18616 -13946 
  2580   6004 -10788 -17092  13641  43146 -11441   2179 -25789 -17593   -565   6740   3387  18972   4758  11107 
-44329  -2617  17710  47563  -9764   5133 -15968  -5003  -7952  15961  22920 -16238 -18804 -12446 -45817   1028 
 22747 -64134  12626  15453  29730   2273 -10287  17620  -1000  -2396 -39856  -2357  18006 -11764  11870   8624 
 -4679   1368   6561 -38051  16703  36512 -30628  24023  -4262  18467   3296  -4024   5022  39264  50146   -592 
 31323    171 -27792   3756   3582  21268  -9032   4524 -32915 -19474  15887  19432  10525  26482   5674   2660 
   378 -26416   8613  15253  43678 -25152  21856  24150  57676 -33525  -2758   1745  18303  -1270  30440  25845 

----------------------------------------------
                 Case 2                    
----------------------------------------------
K:  16 M:  16 N: 16
A: 
    80    -78     29      7     92    -34   -118      4     51    -48    -70     68     -7    -73    -88     81 
     4    110    -41   -123     27     55    100     62    -19     40    -31    -30   -113     63    -31     12 
    87     73    -48     29   -107     97    118    -24     16      2   -111     20     33     50    -84   -114 
   121   -106    -77    -32     59    -79    -94     35    -35     94    -45    -74     45    116    -67     -5 
   113     56    108     37    109     28     27    -79     84    -28     74   -116     -3     -8    -84   -119 
    80     62     18     74    -45     25     84   -106    119     33     10     31    -33    -18    -70   -126 
    56    125      5     77      0     -5    -57    -88    -28      4   -101     88    -18     14   -128     69 
  -123    -71     87     83     48    -71    -43   -118    -92   -120      3    -68    -52    -81    105     90 
    49    123     88     58     15      1     42   -105     15   -102    -65   -116    -32   -123    -87   -127 
    45     46     67     70     89     77     -5     43     96    -22     39     29    -79   -123     14    -60 
  -115     10     75     33    109    -13    -81     -3     84    101    123     96    -72     -2    -52     89 
    -3     18    126    111     78     47     31     56   -107   -121     -7     -7     -7      4    -21    -45 
   120    -41    -78    107     71    122    -78    -63    -92     58     78    -70    -61    -81     13     50 
   123    126      6     89    -97     45   -108     23     79     50     61     76    -18    -91     84    -68 
    25     41    -25     16    -29    101   -112    124    101    -31    107     66     69    -87     96     43 
   -85    -51    -28   -125     76     64    -45    -95     68    -15   -126     97    -78    -25     37   -124 

B: 
    80    -59    -12    109   -113     90      6    120    -43    123    -48   -101    -72     88     57   -108 
   -99     59    -86     -4   -107     41    -15    126      2     87     30    117     15    121    -58     33 
   -29   -124     76     16    -16    110     17    -50    111    -69     61    124    114    -73    108    -31 
   -89     37    -75     67   -125    -13    -15    -24    -57    -81     41    -92     49     22    -33    103 
    71   -102   -114    -95    -45   -126    -21     91     53   -108    -31   -120     91    -51   -119   -111 
    95     17    123    109   -105    -34    -52   -104     63    -47     56     81     58     44    -88    -63 
    43     77    101     98     -5     86   -119     86     -5     48     75     99     36   -120    -50    -21 
    56     50    -62    -10      3    103     60    116    -77    120     83    -62     57     -5     71    -34 
  -102   -113    -97    -96     74     24    -16      1     77   -111     75    -67    110    -93   -107     63 
    20     82     25     18     31    -46    -93     35    -41    -85    -73     -7    -88     33     -8   -116 
  -107   -119    -12    125      0     70    -78    -19    125    -38    119     22     -8     22    -40     59 
    -4    -40    -76     63    -50    -72    -58     16   -119    -34    -89    -31     39    121    -46     57 
    15    111    -76     73    -76     78    -58    -75   -127    -55     44     56     67    -35     56   -117 
     0     73     46    -18     -9    -11    126    -90    -28   -101   -101     52    -84    -53     76     59 
    63    -36    111   -127    -56    -40    -44   -116    -25    -55     57    -44   -116     78     77    124 
    12     28    -74    -37    -50     67   -108   -115   -102    121   -111     46    -26    -91    -70     -4 

C: 
  7489 -36266 -48472 -15329  -1048 -10231   7652   9155 -11836   8130 -31393 -43297  25910  -6169 -13574 -23317 
 19151  19592  19196  -5402   6996   1904   3217  38382  10860  33509  -9345  26074 -12669  -1437 -15606 -15200 
  7932  44558  21604  45188 -18839  11854   7347  27275 -15846  13349   2215  23753   3520  14889    129 -13912 
 26812  17835 -17137  -8885  12678  -9144  32756  12801 -26359   -395 -46651 -41921 -34725  -8722  27625 -44954 
-19140 -45078  -3674  20803 -11229  15441   7351  34709  64134 -27568  34589   -684  34738 -13860 -14060 -25404 
-29079 -13529   2827  33850  -5381   3674  -9182  31254  26064 -22216  17758   2466  17197  10809 -22714   6379 
-16862  14981 -37695  13408 -30250 -10159   2992  16224 -26607  16699 -46739   7337   6308  23229 -20691  -6030 
-10665 -29989  13014 -37743   2058 -17893  -3906 -52459  20815 -13337   4158    390    316 -21215   4601  39243 
-22521 -18568   2443  10910 -10152  11934  12356  42270  46987  10727  34423  15640  36345    994  -9981  -8490 
 -8844 -50048 -14694   3480 -17466  -2868 -12295  32135  36851 -11583  38195 -25414  41644  15958 -30725   2220 
-35830 -41891 -39648 -15576  11955 -21169 -21513  -8930  24703 -44588  -9472  -7276  26849  -9741 -41664  12154 
  6220  -9955   5972  19772 -33307  10140  16389   7771  13024   -556  23792   8614  35883  -3305  12202   -615 
 19129 -13274   4484  27424 -36477 -22556 -22515  -5734   9899   4771  -8743 -35143 -24435  31677 -25086 -20803 
-26380 -22476 -15655  20169 -33874   9587 -10310  17575   -697   3817  24732 -21179  -5487  70396    545  23806 
 -8130 -23385 -28841   4880 -25954  16301 -19744 -14746  -7386   4989  36827 -18563  18237  33776 -11455  14628 
 19938 -27113  18436 -43380  30933 -65682  14032  -5299  24057 -42618 -16781 -15085   9028  10829 -21274   4051 

----------------------------------------------
                 Case 3                    
----------------------------------------------
K:  16 M:  16 N: 16
A: 
   -65    -16    -56      3    -59      1   -112   -111    -69     98   -104     74    -28     51     10    -61 
    30    -71    113     16     18    124     57    -71    -57     81    -67   -107     92    -42     38    -74 
    38     87     68   -113    -75    -75     19     41    -84     13    -50    -62     22      3   -127     92 
    15   -103     67    -12     96     -6   -128    -42    -14      6    -67    -89    124    -54     94    101 
   -40    -77    126     70    -35    -53    -18     -8    -55      4     -7      8     27   -125   -111    100 
  -126    123     84    -73     21    -54      9    -21     27    -82    -73    -63    -59    100    -86    -13 
    51     34    -79   -108      7   -109     73     11     17    -17    -78     24     30    -64    -24    -54 
    56     71     39    -43    -80     49     69    -93     69   -101     86    -13     83     91    -14    -16 
    10    110     29     35    -51     25     47     49   -100     35    -66    115     37      5     -5    -94 
  -120     69    -58     86    -84     77    -83     81      2     16      4     86    117      9     72   -103 
    45     53    124     46    -68     15     -2     -7     16     -2     67   -116     32    -15    111    -69 
   -68    -85    -71     89    -76   -101     85     42     19     94    -55    -89    -24   -116      9    -99 
    77    -82    -17    -56    -43     93    -52    126    -42    -35      0   -128     90     51    106    -79 
    51     21    -93     47    -43     87   -121     22    -66    108    -76    -17    -11     75     24     86 
    21    -66     84    -16     95      7    -83    112    -40   -104    -11   -113     40    -86     71     58 
    55    108    -51     55     80     95     74    -67     67   -126    -38    -13   -116    -44    -34     16 

B: 
    41    -42    -38   -101     64     70    -20    -89   -126     26     -2    119    -86     64     46    -94 
   -42     99     69    -42    113      9    -12     70     16     23    103    106     70     85     36     91 
   -48   -106     45     70     42    -42    -39   -125    -23   -121     50     11     83    -29    -29   -127 
   -38    -24     32    -44     90    -56    -36    -11     -3   -123     53    101    -82    123    -81     52 
   -89    -12    -44    108     98    -63    -60     -7     -6    -20     28     89    -46    105     60     32 
   125    -96     29     37     43    -12    -20     14    -94    -87    115   -119     40     31    113    122 
    45     73     62    -51      5     96    107    -29   -116     90    -41   -110    -78     14     43     67 
  -126    -12    -37   -104    -13     -3    -27    -15    106     91   -110    -35     58   -115     23    -11 
  -124   -117    -76     43    109    119      5     55   -119    -46    -41    -97     69   -126     40     48 
     6     40     67     64     33     14    -11    -33    103    -30     -6     80      0    101     11    -44 
   -57   -104    -94     -7   -116     81    -94    -56     47    -90     28     74    -54    -40     17    -96 
   107    -63    -20    -69    -50     60    -65    -76     80    -10    107   -117     10    -94     21    -34 
  -102     43    -11   -128     89    -65    -79     86    -64     97     81    -47     16    -43    -60    -43 
    50   -109   -123     62    -45     52     19   -112     27     41     93    -95     80    -83     76   -119 
  -115   -100    109     77    -16    -79    -53     78     -2    -22    121    -26     27     81    107    123 
    38   -122    -60     26    -74     61     37    -70    101   -115     35    -67   -125    -95     40    -10 

C: 
 39831  18604  17621  18963  -9262 -20086   2038   7073  27024    285  19903   -432  17750  20878 -10691    692 
  4847   9622  39456  15374  32915 -34294  -1016   5917 -44620  -6805  13442   5170   3088  47012  -2220   7730 
 14640  33065  -1990 -22037  -8844  11028  23159 -18567  17265  25191 -24472  10365   1025 -21190 -15524 -36435 
-33833 -23108   3182  26107  15493 -44639 -19567  13320  -2025 -21835  13011  12584  -9724  12303  -6325  -5522 
  5234   3816   5225 -10742  -8411 -11530    634 -20914  19619 -32308 -19776  11979 -25204 -11214 -44087 -27668 
 -3164  18029  -6105  26210   7289    507  24378    273   3016  11727  -6169 -11195  38892 -20288  -3797  -2266 
 -4538  48952   6634 -28028   9359  11315  16547  20743 -15413  55397 -31343    398  -2358  -3513  -5617   6563 
  8775 -19252 -16697 -14368   4758  29134   1308  -3502 -48731   4919  29394 -25008  11998 -23870  11685 -12946 
 18829  33344  31627 -34004  15378 -11550  -5842  -1478   7312  25564  22659    680  19320  18381  -4800   5460 
-19998   6528  17707 -25440  11492 -27164 -29661  39374  19466   9976  34558 -19267  39593  -3506  -6987  29519 
-36990 -12860  24965   3748  18838 -15719 -14178   8478 -27209 -16599  15713  28087  17098  24970   -598    -46 
-22849  51794  33760 -11738   5428 -10933  22054  30368   -781  21949 -56814  16108 -11686  25138 -34073  24796 
-23739 -12999  -2000 -12178  -1673 -24834 -12310  15768 -20972  30452  -4325  -9244  21960  -3510  16115  -2588 
 27097  -8789   1017   3768   -469 -10537  -1103  -2403  29769  -9920  21353   8792  -3215  19369  13813   5855 
-46687 -19450  -1588   6360   4850 -39159 -17161   8333     11  -9753 -13212  16168  -4131  -1263  -1375   1842 
 20465   1742   3449   5166  30917  16274  17500  10203 -45147 -15882   7392   4581 -17200  26970  21611  52572 

----------------------------------------------
                 Case 4                    
----------------------------------------------
K:  16 M:  16 N: 16
A: 
   -61     42     57    -76    -59    125     58     94     45     46    -54     95    -28    -87    103   -122 
   -92     47     43     48    -44     92     -8    -23     -7     28    -38    -27   -115   -100    -31    -90 
   -18     35      4    114     57     78    101     91    -46     -5     75     44     57     87     16     89 
  -121     15     50     76     44    104    -84     77     75    -74    -85     64      4   -112   -111    121 
    83     68     98     54   -121    120    112     86     85    -10     50     -8     16     97    123    106 
   -49    106     10   -102    -42    -65     44      2     83     92    -69    -77     89     82    -59     36 
   -21     33    -56     31     -5    -34   -124   -115    118   -101     -3    101    -23    110      2    -75 
    46   -101     46     24     19    -65    -50   -114    -81     60     50     56     48   -110   -100     10 
   -90    -54     26    111    -31     -5    -76     53     74     53     48      6     37     18      6    -60 
   120     98     42   -109     80    -75    101    -69    121    124     94    -67     38    -66     20     98 
  -106    -85    104   -102    102     33     22    -16    -58    -78     68    -58    -24      3   -124    124 
   -65     34    -90     47     89    -21    -98     57   -118   -126     25    110     53    -86     48     65 
    33     55    -90    -29     87   -106    -20     76     83    103    -25    -68    -70    -63    -39     13 
   -14   -101     -6    -18    -50      0    -69    -40    -39    -59     -4    -64    -65      5    -79     20 
    43     17     48     12     63     13     55     76    -35    -90     -6    -33    -16    123     56     69 
   -91     30     88     41     72   -120    -66    119     58    -44     -1    -93    -84    103    -16    124 

B: 
     1     42    106    -33    -92     52    -42     17     97    -83    -27   -124    105    -35    -99    -24 
    81    -22    -36     61    -50     37     99      0   -107    -62      0    -57    -15   -107     22    -31 
   -39     93   -117    102    114   -114     93     89    -78     88     72     40    -68    -78     91     62 
   102     60      0   -127    -26    -79     -1    -79    -35    -87     37     65   -101    -45     28    -51 
   -83    -89   -128     14    -42    126     63    -30    -93     35    -33    -60      4    -50    -65    -64 
    54   -104    -32    -58     78      8    103     79    119     -1    -39   -120    -37     72   -100    112 
   -60    108    -70    -60    -80    -93     75     17     39    -19     61     25   -103    117     45    -18 
   102    -25     51    118    107     47     17     44     92      1     90     -7    -38   -102    -58    -88 
   -57     32     -1    -68   -118    -14    -11      7   -110    -57    107   -100     75    101    -72     49 
   -43     31     61    -46     90     91     76    105     32     96    -86     92    -36     76    -82    -44 
    26    104   -124     45     18    118     24     88     75    -89     74     38   -116    -86     -6     23 
   125    -44    -72     86     25     42    125   -108    -81    -48    -48    -88    -30     31     71     31 
   -59     30    -76    115     62    123     82     56    -24    108    -46     20    -54     79    123    105 
   -61    118    -17    -78    110     60    -74     26    -21     26    110      5      0   -115     97    -17 
   125    120    -85      0     -3    -96    -73    -68    -22     51    -22     62    -39     -6    -92    -16 
    71    -40     63    -35     -9    -11     31   -128     96    -21    -70   -125    -37     15   -122    -49 

C: 
 28221  -7376 -20578  27977  19348 -25558  33624  21722  -7627  15515   2304   1803 -10500  26738  -7903  20785 
 11140 -21450   1376 -11112   1731 -36035  13542  12962  -8470  -4119   -739  15866  -5585   8014  -3461   7502 
 26928  15707 -30148  -3218  22428  14190  32479  -4808  18457  -9433  13732  -8525 -51005 -17631   3386 -10013 
 27763 -64737   1632  14010   7061 -11663  39615 -27020 -13673  -7558  -7528 -42327  -6087   9838 -11719  10362 
 37777  52987  -9883 -13873  13525 -30988  13851  10960  28831 -15150  34545 -23315 -32559  -6995 -19413   9198 
-39895  11166  13052   5811   6098  15451   9028  24081 -19462  26927   8317   3560   9906  13964  17695   1328 
  2023    -73 -10515 -14598 -20935   6738 -25080 -27409 -54902 -24778  15865 -17922  30100 -12772  27174  15938 
-18771  -9545   1325  11113   -284  16321  14474    842   3263   6223 -34067  13213  -2021  15684  15511  10388 
  6823  15325  -9120   -942  25569   2620  -2006  13061 -15153   6206  20731  30156 -17862  -3726  12746   6920 
-35404  25835 -10832   2037 -41938  26117  23946  20628  -4504   -763  -7866 -20467   3856  19824 -37832  -6473 
-35372 -23620 -25643  16451  21024   4933  16812   9675  16925  16305   5625 -11240 -15242  -8304   6885   8702 
 53444 -42094 -19676  39073    242  21056  10035 -50903  -6291 -11971 -28676 -13133 -14554 -25170   1227 -11950 
-13242 -19206  34301  -6643 -31426  25464  -9940  -1168  -6234  -8753  -3886  -5792  27408  -2392 -43241 -39806 
-13856 -14323  26418 -14188   3659 -12436 -30420  -1389  21225  -3369    676   2917  18132  -3917   1023   3958 
  7621  18609 -13747  -1651   9300  -7573  -8033  -9526   9399  -1870  23687 -15060 -10570 -36731  -2521 -16413 
  -857   9365   2174   2575  13374  -9870 -20945 -15548 -21159   1092  40544   3997  -3714 -57642  -4889 -37232 

----------------------------------------------
                 Case 5                    
----------------------------------------------
K:  16 M:  16 N: 16
A: 
    17    114   -104     71    -95     54     49    -27    -25     -6    -63   -120    -42    114    -24     68 
   -68     78    112    -47     31     -9     -3    -72    -91   -103      1   -123    -39   -124    -23    118 
   -73    -67    -98    -13     18   -106    -36     90     -1   -105      1     29   -122    -82     95   -128 
    81    -85    -14    -90   -103    -10     55     17     75     29   -116     48    -74   -104    -82     79 
    42     71    125    -70     19    -45    -51    -73   -106     -7     73     20     93     -3   -128     11 
   -45     39    113     79    -79     -1    -75     66     43     54     -8    -15    -90    -17     93    -17 
    40    -36    -30     45     68    -46    101    -37    113     37    -97   -107     -6     -4      5     44 
   -38     82    -81     50     -6     51    -65   -116    -30     60     41     -4   -118     40    -62     86 
   -62      4    -25    -82     58    111    113    -51    -60    -86     62     36   -110    -13     47     45 
    59     62   -111   -108    -80     43     73    121    114     65    116    -69   -119      0    -18    -28 
    12    -82     36   -119     71    -69   -107    -52     -6    -14     46     67     25    -44     -9    126 
   -69     70    -75    -12      4    101     68     11     91    -16   -110     74     89    -37   -121     47 
  -117    -19     59    -43   -109    107     57    -49    -30    -41   -121     74   -126    -61    -29      5 
   101    107   -126    -52      8     -1    -74     72   -106   -101    -89     96     -9    -85    -80     24 
    95     61     90     24    124    -53     49   -116      0    112    -90     76    118    -76    -16    121 
   -98    -78     66     84     -3   -124     76    -76    106     58    -51     15    110      5   -115     31 

B: 
   100     11    111    108    -13   -106    -10     89     51   -106     11      0   -113   -120     63   -100 
    50    -86     49   -121     47     78    -94     64     37     14    -29     14     63     83     -3    -36 
    68    102   -111     -5      9   -106     20    -19    -52    -16   -107    -13     49    124     70    -76 
    64     67    107    -33    -71    100     49    111      4     53    -74   -110    -44   -104     68    119 
   122    -96     -2    103    -22     79   -120    -98    -67    -67     86     94    -92   -124    -57    -74 
   121    -31    122   -122    101     -1    101    -35     -1    -99    -49    -63     63     95    -60     98 
  -125    -51    -59     87     25     81     80     -2     30   -102     75    -92     37     79    105    -20 
   -68     92     51     93    -82    -39   -106    -77     49    -28    -69    -30     45     39     62     91 
    80    -70    113     -2      7     53    -19    -24    122     58    -94    -26    -72     59    -11    107 
    96     64    -41    -18     32    118     98     65    -28    -61    100    -29    -89     61    -80   -127 
   -76     52   -115     62    -32     86    107     25   -115     11     39     95     49   -107    -14    -81 
    24     16    -31     93   -110    -37   -112    -99    115     61     -5   -108     23     59    -80    -71 
  -120    -68     54    119   -102    100     72     95    126    -63     77   -121     54    118     93    -55 
    96     62    -57   -100     83     53     28    -62     22    -90   -115    121     93    104     45     61 
     5      9     89    113     18     52    -16    -49   -124    -64     41    -44   -125    -66     65    124 
    84     17    -94    126    -62     31     61     10    -47    -35    109    105    -10     88     12    -62 

C: 
 16435  -5971  20216 -53852  34090  22368  25435  29380   4794 -15557 -12546  13979  16922  19158  15640  33216 
 -7951 -13724 -36381  -7770   8654 -18607   2852   8403 -45094   9625  18418  32572  14380   1054   3901 -23372 
-43445   1523  13598  14106 -12846 -22302 -54675 -37366 -15830  39712 -10113  -1998 -20494 -64555  -9328  45315 
  -795    231   -296  17932  -5120 -46149  -2042  -2271  32789   8221   8695 -16452 -16357  21933  -9747 -14607 
 -5402   1485 -47405  -1136  -9589 -16982   5039  20910   -170   -220  10727  21477  32102  16892  -2411 -75663 
 22395  35886  10667 -24745   6608  -8229  -4884   -502 -19652  18929 -38381 -10924  -9532   6563   4335  33118 
 17114 -21511  19164  14241   8231  22458   8929  12148   7223 -15566  14423   -984 -37724  -7046  16613  10828 
 44506  -1328 -14401 -51616  22985  21670  16616  13069 -22632  13952   5870  36627   2406  -8785 -38541  -8817 
 -4035 -18176 -25273   1222  22614   -231   3446 -37418 -35139 -14130  18623  19444  15550  -3279 -15935   3102 
-10644   -923  11242 -13239  27128   6916   7383  -3271   3446  -9722  -5441  19490    975  -1085  -9567  12632 
  8759   -500 -40572  48132 -25687 -21232 -11502 -17843 -15765   8791  33487  36872 -14104  -9367 -22482 -50087 
  -816 -41770  24698 -13414  -6461  17659  -7163  -2630  61038   4727   2316 -34629  25270  60243 -13879   8250 
 -1359   2194 -14124 -44455  24027 -38582    976 -25940   2651  20234 -20528 -24916  26160  44708 -20272  21583 
 -5809 -21872  27181   8364 -22508 -39936 -59192   -861  33186  12534   9888  -1975   6982 -17318 -16778 -17442 
 38728 -23964  -8101  48902 -24636  19245   -886  27272  15496 -21186  50479 -19060 -34228  19933   1985 -74528 
-15945  -2544 -29014  10593 -24305  28482  24044  19241  33572  21404   4999 -23665   3076  36318  12331 -17663 

----------------------------------------------
                 Case 6                    
----------------------------------------------
K:  16 M:  16 N: 16
A: 
    74   -112    -33    -76    -52     73    -13   -111     66    -71     58     30     30    -95     60    -36 
   -31   -109    -28    106    -23   -101     37    -68    125    107     11    -97     54     12    -56    -13 
    65    -27    -70    -98    -22    -19    -90    -39    115    -51    -12     90    114    -61     16     50 
   -56    -76     54     29     85    -43     89   -121     39    103     37    -95   -100     60    -26     18 
  -103    122    118    -48     44    110    -92     -2    103     33     65     -9    -53     76    125   -121 
   -83    -39   -124    -63    -89    123    -83    126   -122     81    -87     38    -66    -89     17     90 
   -10     97      4     41    -26     53     53     31     51    -17    -18      2   -115     52     50    -87 
     9     85     28   -126   -120    -36     71   -122     77    -10    -45     95    -77     -8     36    -40 
  -116    -57    100    -80     30    -40    -99    -87    -27    -32    -44    113   -109    -47    -28     49 
   -91     17     93     83    125     -6    -17     13    -41    -83     81    -30     65     95    114     96 
    95     83    -36    -77    -83    -72    -84    -69    -16     52   -111     36    -94    -95   -102    -28 
    92    -66    -11     91     34    -22     50    -65    100    -16     28   -101     45     31     50     -7 
     9     45     61    123     96     -5    -60    -99     67    109    113     45    -88    -47     81     17 
  -114     64     50    -32     22    108    -75    -14    101      0     98   -101     68     27     46     95 
    53   -126     87     -5   -126   -125     54     29     50    -17   -123    -84    -28     51    -13     64 
   -89     50    -53     11    -52     92     -3   -121    -74    122   -117    -28     97     20     42     86 

B: 
     4    -99     28    123     71   -101     88    -93     -9      4   -102    -19     11     31    -75      5 
    56     96    -27   -108   -110   -120    -37      5    110     -8     56      7    -82    100   -116     29 
   103    -93     71    -51   -115   -123     72      8    -97     13     54    115    -87    112    -33     50 
   -98    124      4    -70    111    -92    -19     21    -23    -89     63    -61    118     21    -54     71 
    39      3   -108     44      2    101    120      8    124    120    -86     75    -13      8     24     48 
   -70    -72     81   -127   -112    -19     20    -63     33   -110     23     69    -65    -27    -18     98 
    54     30     59    -96    -37    -35    108     85    -37    113    122    101    -88   -111    -67     -6 
    71     48   -128     13     38     19    -63     50    -73     93    -88    102     57    -29     54    -61 
   -41     94      7     53     32    -72     34     59     99    124     31    -20     84    -63     33    -99 
   -29   -120    -69   -103      9    -61     26    120      4    -35    -41   -128   -121     89     40   -123 
  -125     44    -92    -85   -102    111     69    -27     62    -66     11    -24    -87     20   -125     58 
     8     48    -10      5    -49   -110    -50   -111     47    -98     80     62     46     -3     66   -115 
   118    -30     87      5   -113    109    -11    -47      4    106    -75    -71    -53   -102     23    -57 
    -2    -94    106    108     86     98    -91    -49    -80   -113     36    112     24     38    -43   -117 
  -100     10      1     29    114   -108    -23    -65    -41    -88     11      7    -87    109    -48     22 
   -94     35    -63    113     43     57    -29     86    -99   -122    -10    125    -37   -104     18    114 

C: 
-24191  -9477  22012  10040 -11265  -3131  21412 -34245  16588  -1607  -2712 -21461  -2640 -17716    265  10317 
-13366   4377   5884   2003  28669  15645  13395  40345  -2258  28574    122 -48734  18186 -20008   9092 -25205 
   243   7007   2552  43833  -5430   6018  -7007 -25487  22708  13427 -22535 -17993  14940 -28821  24169 -20382 
-20203 -16861   -278  -9282  15814  13734  34819  39978  -2914   3050  18393    174 -17139   8301  -8811   5689 
 -8725  -6050   4741 -37346 -29559 -28749  -2904 -14856  31139 -15219  19515  10326 -29982  61145 -19262  -7285 
-20669  -6898 -31425 -11697   9018   5468 -42835  10744 -21283 -43256 -19101   -229   -892 -11274  41968   5883 
 -7703  16353   8013 -24686   8583 -42444  -5393  -1826   9632  -8432  30601  14226   4633  25390 -21765  -4968 
  7648    587  28718  -5105 -16682 -54924  -1299  -9347  11736  -4817  42491   1106 -15277  13646  -8071 -25679 
   796  -3471  -8757  12435 -12460  -4870  -7527  -3710  -1269 -23021  15794  19904   7123  13874  32234   8252 
-11888  15055  -4646   8561   1330  31518  -2522  -6482 -15556 -21904   5841  42513 -16153  10038 -20861  36350 
 16475  -9684  -5871   9165    726 -41866  -7779    549  16627   1309  -8712 -37002  13792  19281  13917 -15065 
-19466    624  17687  19575  31499   2614  26855   2544    439  17490  -5206 -16708   8524  -9963 -19773   7015 
-49051  15917 -29307 -24444   6798 -40975  25907   5115  31903 -34989  13746 -21185 -15132  46484 -21651  19224 
-23091   6345  -2219 -15131 -32093  28378  -2382  12132  12190 -12014    127  10174 -31293  -1091 -11621  26565 
 16442 -18968  26604  48223  46844 -12142  -6849  26660 -63212  17975   1245  13287  23985 -15936  14954 -17479 
 -8295 -22222  28109 -22773  -8117    180 -23172  11485 -10135 -39522   8803 -21589 -34691  -2758   8911   4668 

----------------------------------------------
                 Case 7                    
----------------------------------------------
K:  16 M:  16 N: 16
A: 
   -29    -32     71    -12    -83     23    103     98    -59     63     79    -44    101    109   -113    -33 
   110     26    -12    -86    -28    -79   -123    -54     73    -98   -119    -50     46   -125   -100     84 
   -26     57    -85    -35    -52    -42     64    104    -91     58     87   -100     35    -22      0     18 
   -85    -18     15     28     96   -104     57    -69     76      6      3    -95     94     80    -94     20 
   103     -3     56   -103     48     23    -53     -5   -116     -9     51     40    109    -72    120    -29 
